13119
14028
19745
21094
17318
17569
7378
30943
26865
16436
6855
17023
18225
32156
27221
2577
5861
14041
28872
20225
30674
11650
1197
5396
21373
28221
28560
397
14202
3710
12782
28887
5786
23997
22787
12688
9366
29216
31688
14730
13001
25942
4150
30491
17693
12554
11174
17623
13614
4922
22768
28547
22105
26974
27787
7651
22572
13847
4835
12216
19829
14312
11943
17667
29914
18466
27818
102
21706
22538
10428
12094
7973
32486
19074
16333
20968
22123
16775
4915
22725
3022
1377
23752
16487
16991
17335
30973
1761
22899
25377
8758
28012
2580
14891
1868
5761
20902
24759
20957
28034
24570
7244
15844
30781
31671
26850
3156
13328
31230
1162
15223
26270
30605
15690
22520
7704
4359
8279
14211
29709
20653
3233
25702
25271
26155
9961
15080
27347
5813
21028
1555
13987
14443
13528
4385
26867
18807
14896
17997
19214
14985
29119
25850
630
17961
19884
24039
21658
5192
19787
4956
1631
4453
25063
13562
29252
20285
20177
4367
9337
14290
9672
9925
32105
24064
3165
9854
10096
2571
27002
1182
12660
1846
2962
5941
26621
1761
10684
26296
13457
25370
17800
21465
16282
9637
25049
24515
14572
27629
1677
21947
19011
10461
26823
26342
8203
28637
15038
27423
13250
13554
29855
29920
28445
19819
12578
17008
7979
5161
3677
8795
6476
11597
7432
17604
11225
7328
11668
10200
23621
13733
16146
11806
9639
8845
241
21051
15232
25068
12887
16173
8796
11463
5814
20720
32216
21524
24633
24009
31893
29531
26226
29765
31129
2737
13713
24991
25738
26551
30274
14790
19217
6176
10253
22065
13377
4339
6091
16982
5081
29816
20872
17487
7611
7580
30963
3602
25318
559
25892
5972
4065
17984
1122
6629
4431
12684
23085
6694
32299
19641
19899
15083
8156
28368
26797
18411
30486
9274
1434
21383
18212
24914
27787
13263
3611
13635
15939
12622
32129
28737
15860
20714
5999
14180
8787
2666
6410
7905
28386
663
11030
8987
27030
26215
11760
22505
20961
26883
27981
13799
16999
21468
10323
24806
16906
18955
27110
13023
386
12605
28637
24402
2680
4130
10770
12387
21038
26307
4644
10867
31886
10205
14238
14295
32025
4905
12634
25693
20056
31472
3544
12087
22009
13092
1103
17705
31453
9905
24408
7490
13817
30094
23239
23894
31805
28242
27220
1697
28056
27039
2746
8901
913
7387
10966
3241
6028
13727
18400
32483
21120
2793
18506
26693
29423
18389
22919
8712
4769
17448
3083
27489
9702
14456
20415
13064
18068
2193
23799
1227
22380
1528
32025
19878
9572
12511
2060
30353
11353
14229
2276
13336
25061
19594
20416
15651
5771
3908
9549
24594
13177
31702
26930
30742
23921
31689
19458
18667
3724
28599
1091
12164
21623
28251
4739
1395
27512
2240
10082
9530
6107
21349
12444
26434
5219
29850
14386
20613
4871
844
16940
15897
22241
17730
2812
8897
11830
25947
25964
23135
6235
23283
2119
32047
22105
10746
3734
11692
28149
22553
9262
5275
25251
12470
31484
22380
21377
23483
26184
31730
16179
19124
2040
4390
30258
26011
2158
18282
12781
7277
3223
5002
19155
1112
13899
13935
4374
24361
8708
16444
19402
18755
14757
4177
18354
15932
1718
7267
6864
7681
8045
8110
17309
19459
2137
26608
622
22501
8583
30881
10603
19102
8318
23982
4918
9482
24922
30119
27137
17515
12289
26638
22727
12083
16151
5973
5616
12357
22192
1342
4196
25214
12988
22986
2709
7553
6387
24753
30013
7164
6808
1058
21745
9125
11763
32695
2329
12636
12091
14848
4582
26185
16272
28606
2026
31537
316
25282
30333
6760
27334
24479
11842
4562
27724
29406
12329
30004
7781
15911
19205
7298
2779
1090
637
14072
7306
20816
7763
2268
13901
10633
22402
13532
32421
7795
14609
20262
12375
22430
9211
6199
7745
31035
23955
6908
5272
16029
6371
29224
30918
23322
28526
8788
27915
12115
32206
24528
27362
24215
4364
25672
510
27840
7787
27878
4398
18655
10285
28262
1385
16826
8126
30741
10595
32335
7079
11855
31017
29485
8225
19990
25006
11344
12511
16658
28366
26685
99
13603
8491
21914
17667
23622
11818
29495
30051
24953
772
16199
24077
11497
14492
15672
6001
13710
26782
4710
20343
18428
13594
16543
2916
18962
646
2622
28350
2266
4351
32308
8571
31144
31770
15202
5017
31068
24986
22805
1525
27745
13815
16249
24566
8111
21106
17764
24430
24316
20938
15142
19952
3001
13746
11355
30464
8672
10378
23814
12340
20364
29482
16698
17941
3029
5861
8695
4186
20324
19582
18583
23686
1550
29387
17358
4849
6517
18321
30951
7573
19127
391
13037
32731
32484
16873
27031
1986
14918
4591
12111
5158
8391
2520
11219
4337
21987
25487
4117
18382
7868
19027
14381
1374
2191
14595
4963
6843
11204
18102
11218
4822
11653
17575
16232
25390
26411
30778
15238
13371
14283
1606
30185
11753
16699
16886
8097
15816
21132
19850
16007
2055
27575
24103
20025
16098
23891
29201
28385
7926
16833
31577
1274
1326
4252
30662
12792
18193
28304
3982
5230
28343
13498
28044
22707
21980
15890
2247
15725
31015
5434
20512
25025
27413
21549
658
28944
13736
8478
4457
20597
14981
4303
16540
11019
4953
24058
14465
5757
3195
17088
29121
23326
29516
21264
17223
8070
22574
7712
5177
31962
2482
191
15840
17011
6581
11462
28801
24626
31430
3501
31720
25694
11973
17749
28361
22283
17068
12925
24000
6928
23860
15895
31221
3237
26781
31683
13655
29537
4275
9753
23958
4521
25365
5222
16464
7634
4516
6826
12266
922
25571
31150
20103
8770
4175
13826
5195
31577
7230
8389
14958
11585
1829
27733
24415
12667
13029
27563
22240
2939
15913
25924
9099
18878
27212
1959
9554
14399
5396
1038
5998
19473
32360
17809
24363
11354
17786
17732
19291
19983
7399
8497
16423
14196
17801
8549
2118
27270
25173
9519
17105
27334
9379
29461
28433
26667
13236
27677
1732
5525
10756
28889
27762
29475
32634
19333
12657
15014
8236
10107
25422
32674
479
9533
12683
20101
18710
20787
6998
16331
28879
4739
18026
5469
2045
21685
19578
19503
31291
5711
2749
6399
12120
21901
4888
11035
20345
13313
3052
26035
23036
18136
7043
24579
27032
22191
890
12437
18801
24133
17016
15755
2537
7591
29659
24049
25049
9993
30103
9989
28952
11259
999
17550
2203
18308
15939
20227
28836
28444
26892
5549
26619
20365
7439
17642
25102
26943
2592
30707
8589
23884
12634
19914
10530
29232
29638
29757
3768
20884
14524
29927
113
18292
18552
16972
27675
3800
4775
8086
457
4573
9559
13356
15029
20437
14205
11546
10479
14966
1970
27753
6689
10934
27172
21386
18236
12278
32600
19185
3149
10283
9682
12283
13327
26851
15560
14750
10077
16872
12946
6004
7064
22763
12591
23150
32188
22630
12792
20279
17001
6878
3734
272
21629
24538
20418
30863
31559
10746
21105
1420
30599
19685
32476
16331
14921
22379
18326
15107
12460
5072
9231
25857
3892
18936
16948
32751
6823
22892
13142
4537
18922
23867
18650
27863
10197
21929
21984
23900
11764
4901
23006
10782
22708
17400
25829
11355
25443
443
265
28946
24092
32098
17705
22047
6504
24720
7170
4530
9023
6245
28497
15795
14003
29189
31099
2367
31586
10898
12521
18739
13196
17475
16157
30089
28504
2024
29233
25588
31154
1525
16948
28918
26307
7150
3242
30576
26102
27334
16154
9043
10506
14482
32357
1784
18327
23454
7013
4955
29209
30404
1542
23064
31068
28316
7888
1287
5852
1234
29595
25033
28788
25298
20202
28827
30073
32386
14879
17497
23821
7106
22912
24173
11600
10993
3532
15387
14518
22684
14795
13172
23219
15406
6948
13518
24181
9013
1114
14996
21093
27798
8894
21454
2216
12999
1470
30379
6356
5613
1489
22269
20636
15979
8183
2395
4374
7745
3970
30319
3055
31575
4769
14997
8101
22143
1773
13528
9126
17111
6622
27882
15579
9938
22005
19125
16653
7180
4098
2706
13100
9407
20684
6205
27730
9576
32257
14136
1317
28417
27201
18950
6629
30944
18074
21131
14120
27430
7288
24780
23421
28168
22591
6021
16614
30948
27122
12379
16537
17954
4555
25721
12102
27287
21722
28606
6943
9630
30687
17891
31235
6001
30133
10629
23785
15901
2343
11744
22865
4913
28909
17585
23113
29967
14113
2720
24048
8425
20939
6071
25127
11811
7501
23019
6380
27538
29665
21640
20920
11182
2028
24733
4087
8078
4877
11656
5528
11049
20605
14302
10736
4473
24634
19784
9753
18420
23782
6965
9936
14095
11512
1761
20003
27929
24249
4596
12657
15299
6603
19231
21274
22386
32245
184
3353
1801
23366
18019
25002
23678
1423
17553
27509
32690
26718
19646
26237
26301
20145
21247
5437
14885
30966
9575
15544
21966
4902
28219
25715
27250
7339
25950
28907
7065
2143
17516
21391
12031
28360
19578
26476
24455
16580
13327
9822
1799
87
965
21955
20529
8314
8293
7245
23836
24102
20343
5252
13853
5569
24017
10258
484
6462
17911
29842
13460
326
445
17457
22368
22033
32670
2213
24501
25090
14960
26139
809
7577
31765
29783
11899
9381
1761
10088
26641
31836
10573
3013
5563
14986
25204
21719
3959
26316
3214
20281
22668
22661
15467
32253
16243
2029
24783
26395
501
22165
31206
28302
11488
23228
16837
8694
7667
7381
20014
14148
31573
14852
12296
12124
3902
17899
30969
1850
8730
11962
7725
2500
10102
29933
9414
1599
23986
15715
15958
28149
15190
1636
30089
28933
17668
28111
19701
30678
13050
26902
13084
25500
28082
3240
20783
1216
3622
22641
3472
20402
31290
4999
24131
13531
6911
29671
14337
6796
28111
27835
6329
23144
10331
28329
22171
25077
7875
7314
28049
20000
21629
5928
14413
3519
31199
22851
27218
11328
3224
14222
4870
27893
12168
31425
17584
6372
13973
27140
24491
22163
10976
17611
1903
10890
32291
31360
29696
28899
1984
10500
16073
4531
17970
14364
12426
12538
19989
1144
6367
8945
12662
8912
3464
5850
17939
11504
7642
26119
14184
19116
27128
5506
19966
29215
21435
31461
3290
10950
2649
2238
10164
13804
8837
20930
31484
14912
17638
10723
9413
448
2793
7130
22320
1933
16130
10489
25512
11106
5345
9258
1128
29764
23969
1997
22650
23304
7321
26680
15864
30782
14815
22036
23091
18287
8395
1053
12451
9219
6606
28985
27062
8910
4042
16033
11541
15502
19303
16344
4777
25513
24608
7746
8950
24961
10384
397
9601
25029
29848
6467
27250
766
14075
13848
8114
28148
7397
12370
9389
184
16974
15502
31066
927
3094
5661
10435
15519
24105
5106
18176
726
19959
3942
27088
14556
28778
9815
7748
7844
1978
5930
25177
540
14999
9911
3433
18239
13373
24496
1121
581
32349
29877
2662
25802
32578
5367
24969
289
12198
11477
2820
22986
16496
23554
10208
16749
32181
11237
22352
21437
1970
16056
23450
3561
6108
16713
12969
30614
9529
23750
3399
1579
5594
12859
4434
1758
2126
22965
11351
7357
19056
3776
12765
28328
31703
29191
9228
11764
20687
1911
17194
8104
22840
12146
25316
1217
14192
13055
99
11890
10895
5605
2724
31858
20889
10572
13433
16670
12036
20805
22834
988
8929
2839
26380
27958
5715
6434
11517
2476
5402
24002
8804
600
28454
3031
31600
19960
13434
16925
9212
31403
1813
10266
10881
6757
10413
31359
23369
11440
6349
22740
29030
11259
22453
19169
1010
23130
9326
2328
25284
21178
26256
19261
6988
1853
92
4050
26760
21237
17300
9678
3949
27065
18049
13364
2212
21474
10008
875
15793
31542
4627
27656
26946
15777
24614
12139
3879
4556
7005
6682
26244
15485
28527
8628
23644
21099
23185
24658
15859
23559
13802
17710
6722
30843
11426
4372
23618
4209
6318
20139
21533
25635
244
28303
13967
3682
29150
2167
26190
23617
6872
13332
19242
20628
10040
23801
1928
13735
11600
27418
24613
24030
3018
810
5554
8068
2324
16281
25620
21289
16695
26419
25629
19089
8034
29304
27187
32399
840
22205
23446
25993
22271
16225
1199
14657
26692
26859
19513
25908
13603
25062
26902
16870
3145
4756
22674
1399
25823
4024
8504
4357
26134
7088
7438
16336
22683
15485
3049
10556
31632
12310
12684
14905
31401
6267
21616
11230
25946
7428
19383
19641
18098
28671
21173
16857
18856
2757
2734
6392
18576
27389
27834
15793
8572
19145
11210
27514
16659
11369
4574
25248
5180
32519
15249
9042
11205
1391
13237
25457
3856
29930
16550
31463
17177
19828
17318
12145
14765
21762
5993
23424
20826
2675
8614
30059
6282
28303
3912
32334
922
15768
16426
4387
24610
9015
7524
17190
20078
6979
20047
6885
31131
25279
3240
11541
27728
11727
154
22090
13242
31680
15986
15552
13757
18753
10856
22887
32490
31015
7147
2612
26967
18540
18275
30785
24708
18742
21339
18030
13272
7117
1213
14594
4303
19135
7367
13135
24856
292
2862
21168
31231
20281
20278
4375
12036
18283
15892
534
1161
16582
28546
12746
2615
26840
15883
17068
23279
24401
7566
5367
18854
18473
31162
18187
391
13165
6471
3688
24301
27469
2753
19460
24346
7003
21229
1979
25386
2661
8140
4210
9289
32188
21315
26250
28367
29467
3033
20533
27470
1433
28627
22810
29291
29122
24881
7726
27701
22705
12933
30730
6642
13278
15475
744
6120
31869
6119
23284
5267
22587
9113
17799
27775
9086
17088
31265
24322
29764
18740
3185
3405
25026
32221
30189
28545
22040
1143
2982
8377
25224
19018
15426
17257
13872
25379
8528
19314
22607
6296
17227
3815
24925
25761
19178
5747
6677
4724
17070
7612
1667
19170
32086
28081
7857
7083
740
17760
7415
9240
4525
15739
1464
13079
5737
3269
20826
14191
14212
30190
32173
15307
24652
7748
24403
1652
22143
17055
1384
2176
21274
4260
3469
17828
26772
9482
13394
21944
17768
8719
25009
20117
22157
8267
11706
26168
1178
13372
22455
22578
30262
3752
23890
31722
10435
32526
31587
11872
23783
9791
30795
2454
25589
14135
25
25786
20045
7410
10669
3809
18790
9357
185
29395
21142
6265
19383
5323
28707
15436
336
14362
4395
1370
923
19776
31387
11786
29557
16020
16775
15181
4221
23804
15450
8682
28830
8481
8207
14619
8488
21544
17279
23208
32105
23118
24984
13650
26133
30766
8173
22874
22282
4726
14669
10262
1372
4381
24248
1149
20097
429
1664
28805
18809
14781
31570
2239
12698
32083
7073
23675
5759
32438
15725
29845
31695
3917
3074
23815
9627
9442
16123
19250
22123
10103
5430
2755
29711
430
11102
30166
2579
23861
31927
22881
22634
19124
11082
6105
16431
31395
22333
15639
10185
19160
7243
7845
1222
30924
233
12960
29393
19749
21743
17537
6487
29808
8980
1326
22885
5736
17661
11984
6516
12923
24093
29646
7222
7810
10204
27052
16105
32378
11076
23114
9950
9887
10500
22748
25613
23650
14078
21769
12534
26108
11957
25125
25481
1626
30402
21755
19935
19824
9049
28759
7792
1479
27571
27176
5638
3843
27066
6931
23288
19744
10063
26555
2389
8666
26595
32605
5010
21238
7036
4134
14117
3604
5349
21719
20051
11803
5880
8305
19434
14461
13557
3093
25585
25542
15593
9183
2014
698
12582
218
16787
29779
32463
16566
24086
22660
3634
13516
21764
3887
7732
12483
11795
4094
32362
3706
4413
6112
28116
26094
32509
3522
5237
3859
24956
15880
3356
22514
4352
12394
26907
9364
28562
23473
14227
6570
8578
32420
10849
6696
6687
21801
23586
14851
16371
4683
19776
25951
28513
15813
32173
10011
32541
19549
7607
3234
32346
2011
17060
26088
2876
8648
24243
27958
6173
15881
17370
17943
25895
6291
200
20997
16942
7404
3655
22147
6934
29938
17617
32236
18506
14068
2328
8417
205
27762
21412
6280
401
9806
45
9331
27287
13272
22844
26368
6418
5361
10919
28726
2058
8881
6238
21467
22654
13315
30735
18933
17339
24442
7368
6080
6436
5753
15227
726
28280
9660
11473
23132
488
24625
1859
24292
29753
16374
27921
20644
10498
19151
21500
11461
17025
25997
24564
9926
7255
5500
18606
28610
28363
17982
7377
20993
23658
27535
23584
7217
24230
22873
16931
16104
19986
21990
25744
2289
9217
5705
31638
31565
19508
9682
25245
318
4259
27510
16490
12119
5197
13977
2936
10934
30185
22115
28151
14832
14740
29170
9331
25984
16595
17651
12796
29945
19009
979
1013
2708
10015
25384
25036
31752
13112
18785
13518
17177
28796
8776
17704
26384
30712
32023
17866
10000
26753
17603
20196
30386
23891
6568
30838
10306
11033
5397
6057
21998
12725
24780
19531
1109
10676
16758
22766
11047
20651
84
21988
1600
19207
21101
14373
8300
20419
32611
30228
15230
4324
10450
25960
22468
13797
10922
5745
12077
217
7813
22446
31090
5459
16258
12655
7474
11917
17134
15354
16058
18786
11468
25449
6120
217
29238
11075
23923
21493
1416
113
23684
10507
10205
21286
8274
5822
312
15064
586
13444
31865
32078
14320
25652
9714
28785
9852
7186
17198
4256
8607
9299
30792
9428
18135
27918
748
28453
14579
19672
2327
9573
1468
18283
26677
9479
30655
3766
6065
32320
26881
12871
1512
23188
27275
21868
17312
11436
24245
29281
4509
2321
20917
27143
5175
29711
23265
31259
23553
5750
17198
4480
5710
2083
5009
31940
21345
9671
30497
4196
15926
12867
27961
20498
15753
19272
2089
255
14493
14175
2555
9569
30554
9282
8082
26500
22280
31686
13977
16395
27856
1410
21062
14978
31088
32130
21577
7406
11599
27801
31375
25117
2724
15497
24645
15764
16850
30123
17591
6130
15736
26771
31012
9884
3426
13459
2021
21002
30833
1874
26466
23483
17762
29039
25347
15450
1111
13573
16129
19632
26236
3626
20522
18586
3579
9405
11513
29756
15612
589
14675
30246
29032
22945
12085
24647
8581
23406
6100
7412
7053
4880
29983
7979
17949
1875
20924
31652
23101
17646
18322
28817
3369
9069
4433
20947
27000
20435
31840
10041
21757
28709
28724
6017
17694
24494
18151
7989
11382
19758
2320
4558
5830
15290
21203
16688
20497
22968
19671
25222
14929
23105
3737
15699
7385
22506
29766
29789
3900
17158
21180
13177
7051
32228
23383
24585
4775
6668
17477
23690
26648
1342
28093
861
8398
12044
19969
28056
5336
10413
27826
26091
23166
4463
26817
4283
1422
21492
16902
15246
30247
8157
29572
4013
32287
15634
8546
21973
17285
29986
29127
3108
24850
2344
19805
19439
12875
31600
7931
22982
25075
18088
11973
19588
107
23280
23089
28279
3807
30796
31389
20447
29046
28928
29839
13807
15426
24767
12019
13692
7220
17599
9723
18018
11531
16296
11717
5493
7620
8209
14550
23950
26613
6580
21618
10622
26302
12217
16914
6939
7422
6586
31122
14599
20137
10842
7662
13160
14321
10393
11146
29973
6453
19788
6744
31074
6508
13049
12486
6264
12453
15578
31075
4475
31802
15255
8931
31455
32457
1578
17825
28183
16065
