22370
6440
2832
19891
19428
19554
6511
1910
12043
6829
12074
774
14802
21768
17360
5038
22879
18789
12813
8489
19506
29018
31073
16788
18530
15105
31482
1016
20353
31491
2295
26732
3374
28863
2868
30587
4140
26983
11891
19796
11998
18468
28146
31360
21775
19206
1588
14748
14175
2137
16219
2725
15474
13039
8035
18103
7587
3225
16126
3432
17463
14704
28698
25836
21842
27566
24850
27376
23426
6626
18008
18841
23584
27712
7641
9011
10943
10365
27931
22001
17959
27810
26662
31859
19642
19894
29819
20253
3159
8974
32475
8016
23304
3252
6562
13074
11990
19561
7457
9358
8703
10435
2232
14316
11671
28500
18987
23525
6263
13696
3471
10502
21790
23957
10095
29894
1853
3526
2221
5187
9844
21700
7482
12632
7160
23986
22281
24840
19273
30040
13711
23448
18448
18220
11198
6626
16192
3837
6159
4609
22040
7771
758
2392
15684
23402
29010
10548
15878
7645
16013
24981
7558
8969
25459
3324
8752
4269
8464
559
9979
28840
29679
13422
20294
32657
16140
3101
12177
8415
31448
11590
31260
3900
31797
30308
26611
6273
7584
15390
1232
11660
15429
17262
2021
5344
30735
30468
27999
21471
10042
16291
5368
1093
11097
10857
2564
8731
29977
7401
10587
10435
4598
20950
12116
7804
13784
15999
4448
22240
23879
26438
9756
7195
16227
21313
30731
16296
13753
30871
23108
18164
32716
18502
18350
18747
18551
8146
5748
27050
9344
27371
20684
2966
805
9735
26194
15156
3344
3032
27317
26135
11913
10143
22937
25124
28472
1343
4366
21157
1564
9307
12830
2966
16565
22471
5925
1406
15631
4693
1288
30039
27106
9029
14691
14706
4384
23472
10623
31012
13709
20133
23617
273
30655
17024
17132
13005
25240
17044
29299
19244
4322
1914
13393
23499
8943
13136
29115
23337
20733
27143
1793
14825
5773
13035
25490
20478
12968
14626
27192
25497
20489
18062
16835
12744
15485
12424
10289
25925
12215
31121
26727
25706
17268
16860
13743
2732
53
19398
29816
20524
14705
555
22090
14848
28048
10640
19926
10586
14823
4549
27387
13120
26597
9488
11333
12141
4795
18544
7498
26994
27154
16314
29088
12675
8471
22030
13740
3886
19780
25488
25688
29959
2137
22979
24059
32142
5051
27045
10209
18667
19807
27945
13857
30569
11485
29651
26925
30547
16371
16880
15342
12264
17354
20591
22253
9731
24210
11675
13185
20227
30235
21072
24966
20873
23235
1334
25592
2105
32668
22623
20266
32469
3101
724
12578
8903
9301
855
397
28067
31693
4883
8868
19178
23147
24616
13543
11305
28780
10958
16686
11156
1736
31771
23230
4464
13667
29120
20439
12917
27010
3505
3883
18361
31634
27750
1222
17211
29295
16857
18062
28910
9891
22961
24147
9435
8447
21083
32742
16634
22706
31469
1302
8297
9852
30304
12998
32495
18677
16663
23350
6445
15229
1101
27899
8472
22734
29792
25154
23739
11098
2574
17161
2197
28048
22368
23930
11526
22353
25151
10294
28672
6929
16922
6006
1454
460
15791
3109
22266
28852
27380
27148
25973
347
18854
22547
30869
499
19635
2047
1158
23765
14744
16414
48
31342
24952
15221
11353
17851
1790
28941
7267
6588
24183
29666
16057
12540
28515
31044
14627
18893
17818
4990
25523
11760
22700
12516
17751
15046
27181
21014
28847
2856
21522
24913
27512
20751
9178
25837
16628
32262
21200
4771
32450
21850
18479
32260
21835
9564
31823
6206
11205
2018
20824
20686
29869
29725
24765
4823
24082
31807
21733
15781
5314
16391
5160
14357
12979
7470
29437
30478
7927
23138
5126
1878
30745
26180
14393
2763
4190
12773
16413
26068
26909
14350
5512
3461
7526
10912
481
14411
13566
19334
29001
10265
635
1466
4214
22545
7795
9861
30680
4110
24565
7870
21428
29924
18568
25954
24448
907
28936
26013
18153
26838
21460
14087
19045
8153
11952
10529
4014
18601
10701
5249
17794
26984
28558
5662
11392
16908
3243
25592
15546
26366
2854
26825
1452
7876
15597
9071
20379
1793
12663
6082
24854
8981
9747
18841
24723
10649
1096
22711
8401
32609
682
3802
13434
504
10177
20350
17373
11154
18699
18793
32627
20873
12202
14467
8178
31078
15285
6748
10603
29074
23727
5038
5995
28304
13395
28474
20113
15503
107
19184
6142
16579
30557
17396
6110
13204
5104
22742
9716
5078
6168
21227
17953
8669
9886
25959
17803
10949
25662
21842
21785
8260
11157
24937
644
25366
10178
16036
21524
28752
5650
14092
18104
26925
549
1560
26873
12422
11005
31656
23587
3193
3692
11356
22424
6305
16674
215
1049
18679
28748
15900
21677
24187
14126
14456
30717
4180
25643
3221
29523
27879
24119
1741
124
24029
28378
22989
30548
27534
16849
294
27805
12436
14759
9623
26416
28692
23876
24757
26937
7636
4194
18244
14829
15870
16542
29739
13865
9149
534
24393
7553
3400
5494
17356
19830
27787
7009
14874
17532
1378
15840
23901
20277
28314
30353
11263
15159
29134
28726
27051
22598
7106
5874
5728
7191
1409
25242
13749
25078
27247
27871
21034
28457
21210
18541
27397
14058
16047
9308
22331
25925
15491
17748
22675
25607
28952
10327
20701
18072
15946
24260
12879
1834
13736
16496
20638
27469
31113
26759
4895
30717
25676
28573
23305
2794
21907
947
30861
23430
18814
5422
23037
24183
26440
25855
19610
22051
22412
8116
11731
25696
28479
31492
5737
2849
32526
13103
4517
6588
29895
22047
31261
2476
10212
28987
26264
7429
19300
27743
8402
22046
6138
15857
26604
16532
27007
15038
12912
11757
19865
9152
5061
18655
13029
2311
8511
3685
24450
27643
21107
21686
13432
15118
8183
27999
26350
4092
14354
7087
9982
16716
27997
16619
30909
9636
15603
11846
27052
24630
28143
9581
8529
31651
9330
2055
8734
2229
16087
16114
6059
22789
2078
1529
22490
21377
6394
18152
12401
32593
22388
30945
4975
32628
30097
7371
29274
13773
16882
26046
4516
19004
31065
7364
27281
26425
14070
20720
3438
2259
4971
5906
17581
30339
21653
17126
11109
23784
7681
25103
25397
13680
16758
4688
11977
18256
23334
29898
28378
12032
32192
28598
30753
32578
1588
6478
11020
7946
19439
6571
14450
2959
297
30615
5709
14477
32335
29914
17438
6827
27212
29878
7616
6985
6038
8565
32256
2294
4822
13678
21997
11940
6408
15255
31795
23519
8635
16688
17785
32025
9927
9731
27479
5382
24102
4591
13068
18170
5765
21228
13904
16231
20030
11293
15505
11865
20492
11141
2148
2208
10198
2372
23806
32489
159
7453
6785
23959
8397
3951
28791
10752
32407
30350
7002
8901
17287
14583
26670
27999
22834
8693
2670
6163
6649
25155
30651
776
29049
26070
6208
15885
8530
4963
15473
390
22053
31675
14555
30534
28813
9032
21240
8327
17435
8900
4345
9625
7657
28820
22965
2838
10929
22251
14314
12583
2765
20603
6546
11768
24582
2220
27366
17524
13205
24131
12145
20457
22678
2564
20175
2181
13334
17029
14519
6448
7844
31750
21840
13357
28121
19771
12901
820
17020
3109
30440
9450
29147
2245
29502
28544
19724
32676
16780
27052
17168
30899
6514
13751
19605
32106
3505
21932
1736
14117
624
14837
24230
15122
27651
28971
2859
20632
11408
21441
6000
13594
8648
23014
6439
12479
29208
15933
25739
23599
18971
25937
17216
14073
18417
3855
30817
12863
20451
14466
10381
17186
18636
4969
11689
28688
1575
30788
23338
21350
1548
16834
21526
18962
10756
11785
20851
5065
28257
6251
9232
7856
17809
21109
24635
10560
2312
20977
29791
31536
5368
17439
24932
23775
20759
19449
18627
26654
24325
8572
31636
31333
10312
20768
18272
30573
22788
21976
4865
8771
19960
291
10699
1899
24119
31060
9139
5786
14618
8338
16567
11175
5907
20362
26878
26507
23268
29262
11133
8805
26869
29763
20428
18743
24633
11458
3327
5451
23620
28734
31194
5447
7641
1764
23892
3515
71
5824
885
3706
4938
6378
13648
18384
4524
20211
24718
22871
3277
12421
29105
3644
23584
14524
23566
26400
19041
23167
12987
8760
30962
29433
23867
30522
3051
27072
23680
4922
6868
15153
25362
1811
24956
17584
29136
13461
28496
17913
1520
10312
22287
2461
25594
7867
5018
15003
23267
10650
10756
1004
17946
21887
531
21615
31544
6184
26145
15423
1607
30948
4199
31270
22869
14297
2396
11345
26529
19871
26570
18811
31305
9115
15956
11943
10164
15033
12660
17691
13523
15519
6437
26211
20267
17507
2110
31727
27941
14689
18991
21416
25952
21619
20737
28712
22775
4312
6179
27438
5983
18404
25359
15533
28027
26705
28902
2448
28408
11467
4490
20520
16388
780
14471
17144
18439
2717
11629
3564
3987
17780
32731
3499
8291
8259
7519
8070
7274
28382
24061
13365
27387
30597
24167
3057
20776
20009
24512
17434
10402
4939
1016
26097
12871
17551
24492
20101
17808
16797
7077
5451
4462
24858
21466
5521
26917
27630
11178
27552
122
24802
27721
29601
31531
10846
3750
10910
31158
26271
2049
7774
20558
12365
2077
2017
4760
23600
19672
8606
25025
13882
7698
2633
1751
30801
30305
9631
28158
2832
30626
26816
13820
5713
30478
3462
28214
26939
24474
13199
27717
20213
19024
14192
32340
31147
18071
21668
14422
22801
21773
10397
31610
18663
24814
12951
4954
13361
5980
2784
18565
18051
2994
13061
3946
12659
26341
27619
20459
16349
27484
4565
28858
15913
28735
10232
22483
18682
4287
10411
16127
10937
5014
5136
30063
20159
5429
7586
19817
14185
28055
15876
3011
28209
13607
23083
13996
12705
11507
19119
21751
6570
15051
24636
26107
20662
14829
5263
2961
32419
7780
113
20172
30829
7266
18019
16479
10072
8353
5274
19843
12060
26828
20811
7435
8250
23190
11049
9512
6968
20897
18714
17969
30301
7752
12428
26088
1182
2146
9066
24928
4744
30137
12428
14820
9227
10054
18584
20685
26368
2670
19886
30274
10963
23459
26246
23445
16725
18407
1055
1267
13925
1072
31229
8624
26866
12787
10063
15152
25492
6442
24757
8885
19302
16470
12464
25870
332
17600
13710
1636
3935
31638
3021
12461
40
27200
24716
29789
18682
13315
28336
3764
20803
12691
27903
14945
6156
27291
3809
12499
21371
3288
22553
25776
5326
7623
26905
19091
29418
11356
2963
30789
25380
20053
12069
3208
19065
15636
20582
11488
5789
756
32218
5792
21215
28227
25793
18078
20324
27212
8928
20367
30967
19706
20159
21109
21711
10572
19667
27498
6512
18754
16344
20949
10557
24229
1191
16388
2872
30418
8026
7504
22398
10838
2443
780
25766
21617
6317
15185
17572
28635
16544
26473
19939
10882
17650
1525
13098
10153
19426
830
16180
12815
26266
31996
8852
1600
27138
29312
32551
5743
19694
5323
17011
246
32514
21716
2556
1503
21274
11910
21710
31403
25448
14
20726
67
29590
29591
19880
11338
20006
5514
27455
4350
27384
16098
3411
679
1952
24858
6602
14234
20076
7294
13503
17338
31714
27541
31753
32315
16115
29314
2353
15395
21244
18447
13952
27719
13022
11694
5291
19860
7937
9820
18563
30673
23306
4493
27462
16270
9782
20146
13667
8650
8153
18351
526
11426
22326
17635
2682
29171
10470
10382
9367
17891
5477
6058
1445
32592
27329
3269
17112
5704
7167
20804
12019
28429
30886
18168
32453
27762
14641
17143
29670
4859
6448
9087
9394
22152
23979
5146
9141
12753
15299
23545
10306
366
5963
8919
1615
1382
27248
27850
16371
4637
18482
31341
4709
10595
9715
25524
4111
16768
14800
31303
28438
20443
32320
29993
8033
25231
19498
18988
27913
8196
11123
6738
23477
21868
9902
25899
30028
17587
18811
987
27153
4159
10680
26436
2544
26265
8838
28037
16052
22994
27872
2518
13408
3648
13356
7785
14546
4587
22026
31437
32134
10691
23387
8717
15885
9069
5419
31367
19356
12880
21253
1576
4531
31789
4315
27787
16850
11615
29067
10549
25530
9877
4000
18153
32165
1455
20711
26042
21372
24827
10740
3182
19961
30725
19868
9813
25139
20159
20764
15760
16380
4004
2143
11915
4402
7975
30376
27668
7611
28299
22146
9296
10217
17914
8392
23937
14977
23921
19749
9814
23958
8670
30549
26693
10484
24449
21275
31510
25292
11377
5531
30632
14061
17877
26013
9375
1701
4138
11496
25204
19226
32436
31665
25889
29638
16366
17366
97
86
7308
13400
56
16663
27762
7767
10819
6851
20654
15226
17658
21055
29523
6789
4338
12973
21963
4498
11455
17378
9206
3623
5885
12574
1586
8729
6835
24474
30241
28931
6413
31297
6599
21684
2077
21430
3670
24550
20763
24951
18371
1309
10604
10933
11251
17524
16465
17211
18477
3537
22534
16001
23819
11696
19393
24758
28956
20862
19665
9067
5122
9546
30664
22817
27561
28459
30589
18154
31467
3500
28224
23775
15542
3365
32408
15891
8353
21699
15209
30294
7522
26285
13391
32728
23463
1933
28053
1169
24392
2147
3077
1792
32448
4711
917
17303
22650
26480
23702
6122
15181
14868
21990
32392
4928
16247
31592
9729
19819
6541
26268
18301
15760
25401
31798
5374
19913
12427
17418
20765
5197
27658
8603
20961
17737
20181
27190
17919
17984
29687
19040
32685
24158
26697
20224
14787
2775
18100
26503
13286
20512
7596
1292
4079
26784
13640
18196
32459
24367
1587
8564
29835
26499
30839
16286
15187
4174
1486
20527
17019
10946
19955
2201
25322
26811
15415
17216
29599
11954
15425
19296
24808
22608
22717
26782
30380
9782
10605
14597
8662
10586
24273
4839
1736
13312
12397
12505
23135
4668
10061
195
24808
31623
24918
17338
16920
17604
10888
28441
29418
17864
22592
8223
15856
5960
24346
8692
24689
13756
22266
13028
13941
9097
14704
4148
31108
18588
19822
2262
5580
30532
6158
7669
32486
7639
31955
15614
10605
12951
10407
4543
20531
17103
8597
32686
25506
12314
4575
12402
24511
32343
20484
589
14527
4793
28122
11247
2094
22510
28606
21474
5151
21843
24972
20615
8147
22200
477
31329
8418
14356
23744
7460
26057
13376
7649
21688
25192
10130
20197
12857
9427
32495
20828
4505
22668
31146
23707
17259
10229
26699
20064
18182
11169
7193
25089
30716
23759
15089
5288
30366
7213
4313
19901
26108
16316
13393
393
2729
12904
21569
8392
5166
28078
15915
29335
6117
26994
2268
7935
11963
30663
17357
26390
28686
21080
1285
31849
23193
21688
7945
19495
20783
27333
7751
4937
21433
3034
22776
24495
15787
9096
20086
28387
16883
30222
14962
22022
18698
21193
3724
14095
28850
12373
26697
11876
25988
3595
837
18559
21855
7214
1864
25100
32335
10209
22394
1487
4238
2483
9198
23094
27305
19824
24639
11601
21995
26482
23018
22717
1445
32680
26299
16278
26338
5132
30550
16269
30389
25665
13258
17085
3089
11664
6068
25290
30459
10871
14676
28283
14703
31381
29353
20929
8015
32646
30059
3310
18745
18713
23163
17039
2831
20197
27431
7201
31136
24349
9804
3219
23466
19010
19777
31838
6452
22780
1044
23957
26859
30016
13938
14135
3598
4495
28255
5555
10759
12531
2953
11091
9152
28675
16844
30223
9061
791
25423
10489
19454
14197
11841
3642
25903
5396
4122
19294
15881
13394
32751
5215
26269
9906
10035
6830
8415
25457
31753
5167
18940
28828
8681
17116
11300
28397
19779
8336
21888
12950
29810
27434
27598
7364
15373
29701
11471
27006
13957
31352
4755
2865
11916
11228
5962
26884
14775
21580
1812
22217
11357
2585
24345
21800
10649
23205
6086
1623
25097
27173
5373
14200
4495
16511
421
22649
24646
21558
17621
11271
25711
31014
13719
20215
4851
23422
26349
25132
25053
20539
2208
5094
11217
13075
6666
27904
30057
30343
15051
5249
32003
9633
29238
8085
27493
3971
212
28098
32580
23505
26699
28918
6023
2979
31894
1732
32746
7544
13890
9187
18756
23398
20535
29912
12958
31104
11321
11849
10727
18207
14357
1385
8920
151
19014
7299
24691
30592
22383
2448
16669
32409
11006
27731
5950
31467
9172
16246
2040
24254
2755
7071
16202
21369
6988
30061
29882
9859
30673
26347
11618
22982
12615
17101
20465
13145
30472
29594
27897
131
7753
29328
425
10000
10615
25060
25794
17593
32339
31661
28005
12034
16044
662
10510
22238
27153
9013
4571
4607
16318
11405
6121
18585
30405
9262
26739
12540
32535
28144
6900
19285
18678
31026
16510
26234
14594
5424
11009
19335
9687
9159
4662
28856
12536
19905
29040
29888
12153
3453
1402
21144
22442
19605
9036
27250
14256
24266
10310
22354
17870
18525
29221
16770
21959
26534
4339
9434
6057
14719
11947
1681
10979
30181
26676
2322
30049
7638
30991
23818
311
13655
5836
28080
21504
15404
6938
748
12781
30112
4880
7917
15176
9079
26634
17749
32208
29145
2593
20723
7225
25047
15919
12754
17593
30179
24805
4099
1123
12107
1610
4200
18368
32143
18634
1897
14828
2103
19616
29281
25118
10608
25658
19233
3168
29590
20449
25048
25828
9594
14044
4167
26171
28927
8636
32260
349
23907
23953
63
27448
19033
13631
4164
28228
6838
18985
4776
12119
17757
30448
26094
13222
26807
32489
6658
21169
28880
19115
31447
18837
23034
1469
28441
3579
2430
2881
16546
30098
3010
7997
26425
31708
13045
26573
3785
4792
794
25954
272
10990
7
15062
1901
12456
16309
24069
29793
17558
1789
14119
31965
13624
8327
14619
4206
21636
32155
1645
9192
27867
30239
14002
5411
32009
6360
13717
7907
13774
24267
28842
29442
9244
11354
2787
11641
12808
18538
1076
7634
25898
17843
8658
3381
11231
13327
22284
24071
21409
16222
26799
22225
6522
5979
29814
19696
23099
1912
23540
25660
27386
30615
15866
26531
17163
5694
7013
2925
3943
6804
27614
25768
13384
20554
13548
14826
23644
26946
6504
14440
11740
20621
16693
15639
17523
24595
22736
29779
21420
22027
11785
17215
2158
10509
2823
27860
4262
20825
21099
24932
20266
15281
30506
20982
24204
19928
10357
10695
20548
7824
9939
24005
16002
12975
18671
7989
32136
9894
968
17344
6026
11864
4376
1204
20605
22302
20282
29001
10516
9880
11321
14277
3842
22131
22927
24575
22837
27983
12842
19542
11302
7144
5498
1868
22283
18844
21133
23144
5940
19261
30314
9508
2730
25594
17328
11924
15605
17084
22008
18999
4244
24396
25857
21895
6437
17797
2566
10244
28919
30381
2531
30092
3677
21491
16022
13727
3753
11254
4264
14972
23253
9116
31299
27755
2532
21260
8629
24583
2491
8004
14319
23049
1518
4801
30063
25513
18915
19961
2207
15534
19842
26485
29656
29561
24948
12712
9995
26675
31311
2842
22251
22707
12370
29564
30948
8190
28361
31597
9005
29327
27983
31226
18997
16707
1641
16961
30237
10682
2577
17630
25336
17817
12647
21191
31759
29410
27073
10931
13908
1639
1365
31364
26571
28162
22137
21556
18838
19215
28461
16701
18405
11883
24938
4453
3825
3543
7526
10621
21978
30614
6608
25713
12278
9116
32441
31940
6895
31403
18071
24130
977
12853
25008
8079
1738
24784
3786
10466
11593
8616
243
10508
21453
11827
15552
23445
7285
29711
2130
15002
21814
18902
2053
29874
28735
12360
24209
21250
2807
13853
4617
5445
29594
19296
16375
6519
5974
17945
395
23142
12931
15549
30101
23631
29253
23442
26819
28760
25273
10509
13655
16255
30335
31190
25170
15201
20466
7227
22233
30412
14660
9319
4330
12908
7558
10346
10244
18613
13984
26519
18271
28093
22528
6027
29519
20543
25707
24820
31037
4519
15730
28852
29536
18901
28100
28082
27643
25882
8619
5137
3423
6660
12523
19772
8740
25293
18071
15659
2748
23861
29638
11157
13356
22820
14952
484
13777
9499
22914
28959
8595
22110
25624
19880
8729
8961
18499
4309
6081
11136
12103
4008
28523
30611
4765
26934
19100
12805
31209
8672
28902
18305
11745
22245
15082
16450
19357
2274
27070
27317
298
21760
30875
1642
12618
23011
15403
25068
6438
18240
7601
24424
7514
3750
22933
19350
19620
18901
31685
25509
7460
7869
27018
27237
7650
8959
15227
18012
31005
28799
25723
2200
12908
25748
3282
9873
24008
11199
17412
7738
31316
3252
26996
6794
18547
23349
3815
31796
7766
30221
18303
24397
16843
31384
21358
29036
16517
29713
25970
19324
20102
12568
22526
10816
387
4397
10805
21141
23167
7144
22996
31309
1313
7178
8454
22731
7222
21228
10017
19294
25530
32417
18472
26786
24585
24609
225
19736
6156
14148
7754
9805
24574
11520
30434
15109
35
17695
6840
7367
22143
24426
1905
30561
9333
15617
31811
16563
214
6482
5791
28394
21695
24299
6897
17653
19815
1832
26063
9426
13981
30811
10341
7436
12719
26889
30720
639
8684
8021
2829
18742
25600
679
28379
26376
26336
4662
16398
18498
29945
7674
11388
12912
23012
18488
28655
19251
1223
3236
17920
18592
16693
32452
8711
1689
4127
21541
4819
18470
61
20347
15015
15791
4343
28867
25782
28848
7344
6915
12296
25397
28423
23350
13459
30022
31080
21650
8691
27660
31747
15639
20480
13899
25345
31291
16435
12179
30613
7
21397
7985
18996
17915
11194
29124
22300
9119
32238
9215
18420
25474
16021
29453
19751
1563
10111
6788
18250
14019
26257
8687
19631
3013
27418
27481
28913
32570
32427
19032
1048
20771
19265
22168
13489
25600
21305
24257
3046
21472
24621
18525
3196
13456
15577
14087
15995
17727
30977
23195
27223
21834
24842
32285
17073
9253
21777
26457
14077
22964
24328
20467
11947
24944
26896
16276
11126
27218
28599
18645
10472
20620
19697
29150
17351
8150
2742
15396
16104
21752
12290
19283
8933
25497
25512
1870
13178
12958
11656
16506
5561
3967
19789
15233
15138
12947
23303
27921
31607
28423
30468
29044
517
26842
2605
14498
14673
25474
18127
19746
12727
3255
18063
8145
3419
16275
19560
32006
8069
25358
19036
28465
27514
5934
25443
26301
22925
11383
1234
23765
542
20031
19190
647
10505
10393
6678
8452
13020
509
25216
32391
10233
14499
18579
10717
16300
29714
19146
12745
16965
28894
22176
20284
21097
14852
13
4870
12405
13068
18682
20043
3720
26854
25760
832
27149
31688
30645
32526
19888
1192
4733
24065
15235
24229
19311
584
32671
8854
6214
29342
987
21829
14048
23395
13288
8329
20637
32683
4420
4580
21297
6192
7666
2123
18101
1454
30025
9419
16294
28087
7649
31897
280
24609
19686
8290
17641
20989
19608
6534
11151
29655
26578
30867
15292
6872
1098
14034
16622
6643
14632
23370
30972
26611
988
22007
15774
1703
17603
30388
26409
14287
25842
27640
32393
20496
29250
27766
6547
25500
25042
29169
13347
30071
8927
15471
6591
18784
25689
11010
467
5806
18157
4713
10878
28899
23908
2133
31913
28833
1541
2965
17999
28121
16123
14550
3813
24988
12395
25926
31997
25417
21664
4429
16785
15345
31315
15455
15923
8836
30609
14084
13341
26412
22397
11991
10205
22219
18065
19818
26117
29615
5811
26595
10025
30420
26400
2233
4221
10964
27945
3782
25589
3173
13412
10628
26159
3439
2633
10148
32548
20874
30970
11197
16462
396
31948
17812
13985
6293
27788
22677
22234
22891
26613
14096
20710
9508
19308
19650
8463
24286
21682
2296
6641
13359
16060
9408
29798
5262
17666
25045
19293
24953
12458
7039
13738
8623
19619
6741
20903
88
14634
22284
28240
24046
29890
30016
28665
28265
4196
24083
26613
9152
21097
14132
16461
27258
32487
9741
5883
26631
976
4604
11545
23145
24130
3986
31283
14641
16221
24759
13135
14628
1890
23394
30098
26577
25553
27988
4238
4359
19119
25649
10387
8187
17983
10946
12189
14439
10550
19941
22438
9254
22225
29396
20207
23699
27571
30066
24436
31406
820
2300
7028
10512
28949
12225
25892
8912
30617
26865
6719
14456
21617
8098
17674
6093
22371
28718
14259
83
12997
17011
9367
1342
5422
25230
10981
4420
7338
3929
23196
16789
7144
16475
6019
18722
17887
32532
5560
28412
24697
32337
21107
6886
22585
32511
28223
23861
122
8973
8105
7641
7
8466
10987
11570
8940
15615
24094
30507
9284
32407
9280
4724
4550
25091
10999
7377
1286
31522
20004
29377
11023
16880
21166
8926
19876
16983
16370
21460
27057
13292
12735
31209
14085
19456
10417
29046
27763
26
12101
31728
12267
22697
31407
30878
13607
21397
29524
11785
15875
7163
21462
10866
11926
30765
13665
25218
25517
12505
32132
21549
9516
19423
21933
4222
5771
13116
3626
22987
13334
7779
11391
32318
4811
7119
16249
2214
15089
2212
22434
32183
14665
5941
5473
24000
12927
4017
19811
31758
22004
25486
12584
11371
8530
31291
7753
755
9764
17541
20541
28107
16971
28354
25827
13394
21175
16927
8312
22356
13912
10487
114
11194
7815
22957
6613
20571
25028
19997
22027
4540
9747
11270
17375
10355
17591
14503
554
32610
26138
23386
16773
31711
6737
6096
6791
6630
4562
30689
27651
17777
27983
23574
16443
11917
12965
27011
18943
6328
22257
25598
21055
1720
23951
29287
21222
23654
14474
16556
28840
19368
12538
32634
23813
28291
5499
5268
18853
2324
26445
25293
19175
26068
2183
14663
30004
4461
10989
13049
20489
24689
28699
14552
19623
24299
9737
15672
20286
9513
16709
21259
2266
11871
29709
19557
23995
21694
14286
32739
6705
26808
22109
19224
17026
6976
17270
14225
31060
9298
12206
9672
22903
16962
11493
11556
18346
28418
10454
29137
14174
3749
7509
30992
31638
11490
20063
29272
9698
6870
28512
29953
5236
6109
31437
3810
32567
28148
7611
7244
11257
4690
6575
6068
25378
7701
15282
11544
11630
3176
29672
3944
28777
6810
1647
9025
2420
11596
5460
20923
5445
21505
16393
1009
24692
20045
32024
19994
28188
4605
1022
29260
4573
24997
29352
25615
19777
9462
10661
8363
16348
15686
32205
19226
13803
28892
16900
14566
28025
11210
17814
10795
31728
26550
436
4897
19605
13816
24047
16120
27285
22936
27532
3647
21636
5176
32003
1017
31073
23319
4770
23444
26761
2201
31630
23047
31978
7241
11213
11650
24495
22530
7292
8479
13978
5440
30675
26616
3070
19592
15696
1768
26305
11464
24449
8577
30214
5093
30288
27628
19155
14187
3402
20811
18700
1499
30474
31482
5797
2051
16631
5536
5627
13379
13879
17325
8222
8773
24075
14893
19305
28308
12324
1259
14794
23301
9975
13298
29825
12033
4940
12212
5798
21414
12035
12547
27230
19880
18878
7072
10534
9954
29943
29190
9029
22103
32168
14015
11314
24595
30860
17257
14756
28450
23207
22321
6270
17060
14997
20070
26318
7077
6096
2692
5032
7227
5101
32184
28020
26905
5758
32464
13587
3491
3871
29210
12259
20249
8666
24980
15494
30331
12504
17028
28159
20786
6955
20559
28576
5763
1061
23309
11565
26371
14046
7907
91
19048
22047
14060
8731
23286
14233
28261
11848
31307
27909
20868
7205
10220
31020
10903
31878
10257
22323
23061
32514
20753
11052
30261
10039
15037
2613
6611
6547
27927
10914
32430
1333
8700
19875
14511
13131
4953
24398
15048
13571
15102
10487
20908
11064
22484
10347
28740
552
20836
114
21152
13043
21448
10386
6372
21434
13182
25949
19225
23745
2962
28190
4463
1486
16415
15478
12190
22588
24217
20206
9172
30533
27805
23821
5815
26947
32094
26460
25762
18958
3283
20705
28594
5923
28632
4309
30543
20517
10986
23076
13778
21158
30071
15523
13533
17222
6388
18055
16613
7368
15601
31834
21330
8396
10957
10892
16407
13387
30131
7348
4420
3890
31461
30330
5549
11131
25004
3623
4653
7606
12647
23762
17330
4874
17010
23383
4958
16196
13463
24122
15801
30079
28259
4580
32026
16368
19223
25427
24361
28497
18825
23626
31007
23024
21313
1017
3758
23392
12976
14728
2536
28660
20880
12588
364
2728
30136
23221
638
25693
9906
12975
21779
10811
10277
11517
16483
21801
28005
28403
12822
14605
5718
12221
28636
16969
17000
15231
24558
25808
29240
11213
11671
4450
19331
15729
27579
16592
22636
19685
27811
2381
11086
16041
9420
7136
28390
11371
31122
19637
8796
19313
17171
1406
5327
16744
3819
1794
29335
21154
9649
3280
8464
31184
7879
9504
29506
16198
23159
29537
32160
6699
7311
7896
6375
28658
12852
11150
20376
21033
16472
7722
27591
3354
2189
31694
23292
20149
25388
21373
26093
30957
11463
2243
26665
14152
28332
6662
23959
3922
23790
15504
15505
10551
13600
11400
950
27044
18376
28703
18932
6096
13123
11768
31512
8750
16765
28397
925
4665
8916
14239
7817
21349
5891
27548
19298
2825
10717
7974
2963
20200
11339
12599
12889
32163
12993
10832
1034
18488
20781
7490
2394
3415
14601
21992
18665
28471
30996
11913
32057
31287
5867
18154
8041
13922
16745
13477
15040
1977
8094
15728
28903
29377
16590
22127
27726
4704
12561
25587
29410
13284
26821
5220
29683
12867
18252
26845
12599
3301
26844
26982
18364
21804
3771
27022
15199
20412
14842
10155
23116
25799
18665
9400
18144
19777
26507
9043
1609
24997
734
29617
3903
1971
20638
18340
26544
7166
23630
14458
3523
31619
25923
32124
17505
16977
3928
15654
21589
23678
10757
4407
24012
4961
21370
30
22531
30054
31617
27424
24703
28413
18473
894
23793
13787
11807
2580
2575
323
4988
9739
17698
9536
31572
29329
23315
8891
630
543
3548
30233
10483
30357
30919
11896
20939
8466
29952
4081
15463
13006
27114
31122
23507
20884
16381
14814
14300
32558
30892
22422
10239
8014
28153
23217
5174
30077
7981
26806
1811
29353
5704
19742
8590
20101
17871
27416
27321
21412
16489
8134
7764
4957
24058
24912
3705
13774
5966
18721
9486
30865
2935
17436
9179
27787
8416
11815
14800
5846
12490
1883
8670
12979
22188
26561
13178
25100
1458
2907
1684
4074
7498
29427
31924
5106
2686
22240
5754
14269
18065
14278
26794
1707
25622
26100
13720
16001
2684
4854
6024
15092
27845
6514
13917
16364
8923
20064
9908
1479
1570
4944
14904
21360
30137
13354
10446
9182
30103
2991
32758
27227
31377
10416
8553
10145
24309
27300
15326
29616
17967
30514
134
2541
7353
12996
21902
25027
26983
15678
22996
19793
3674
2162
10132
28054
3705
8414
21418
30490
8509
25064
7372
13302
319
15746
2496
22489
8895
11270
18300
2133
3613
29612
24497
24473
9985
28637
20016
6502
25509
1886
32561
31197
4214
17659
19031
17275
25356
32270
14659
1070
11612
7284
29850
2897
11422
26600
18079
22239
31611
12469
15104
1649
27431
10159
31736
16056
15246
7363
9736
17831
4550
18050
3297
28111
21990
10214
26607
16381
21943
26753
28747
14818
16922
13504
3840
3617
23608
29483
32214
20078
21377
15033
23564
25842
30145
3689
17129
5049
12580
4944
23428
28223
3984
2861
11452
12596
6893
32653
17647
24442
17340
842
23466
12951
31885
8284
19959
9230
31271
264
31043
21593
20879
7718
7350
12767
19398
25618
900
672
22385
12915
3711
5890
24884
11352
3236
11693
29374
5265
14878
5398
16411
25554
24177
24490
25414
78
24194
15285
24081
25508
27865
18594
6836
22727
9182
23486
26387
8390
4968
14669
17606
18256
14114
1089
20193
22760
27916
16218
22153
9222
23122
11803
20523
29687
6587
30122
6698
4917
26254
5156
9130
8705
4657
14684
3697
1743
30842
10352
18088
25659
792
8263
17742
11672
9602
2694
13585
21488
1213
1878
29447
17738
11416
1726
22234
21681
10762
30338
30783
32111
23749
14693
20010
10915
5602
8365
10417
32084
1823
27459
22682
5211
8037
6143
15819
22156
6827
4931
8146
14811
23461
5610
7742
30495
16151
32262
16577
7834
1729
3648
19179
14620
14482
4212
23639
24482
11116
509
1182
2697
452
22030
18674
22689
5645
10461
7047
12391
298
25651
9067
4068
23395
3916
21198
31977
27094
19264
20151
7564
26235
8103
26970
1563
8737
19658
29433
6306
11080
11463
14798
18232
11847
27037
12617
12570
32447
14140
16472
10801
2371
13532
26330
18655
27261
15674
15945
16123
3691
27220
18806
17569
27421
3976
2352
23050
8796
30752
29979
31147
23557
819
13741
2059
5418
31100
13553
24882
4166
25045
17463
31776
136
4521
24756
22119
31539
30676
30816
14415
19015
5185
10528
17648
11014
22250
19541
20553
21230
8921
29594
3821
30349
16168
5733
18573
13963
13876
5831
8587
3774
6229
32427
16182
23106
11941
9329
18568
3026
12508
6053
6280
29871
31296
31261
2606
21629
16210
9400
3651
6646
32502
12855
9536
28070
25164
23266
24204
30407
3111
31304
2530
415
13872
3056
18803
29500
23395
3712
5302
32703
11767
5955
31355
2106
4879
12244
13705
21198
15649
6634
28145
8069
29225
13699
1643
20894
4813
9735
3727
10752
18041
24757
31368
27222
32034
29307
28308
28929
29238
29968
12394
9437
13527
19164
6754
3224
8312
16154
11250
24578
21886
821
30937
29343
21602
9297
13332
13675
3731
27520
21873
27270
16139
6412
20565
12356
22856
32484
28698
29147
2097
6160
8710
17059
16142
19119
11987
23964
30108
30705
5438
9661
31971
18706
19724
17469
7507
14895
9624
4299
3935
11166
9404
31863
3714
12300
12978
29370
29564
20866
27970
15574
7462
4398
8288
6805
10280
25985
3069
10241
15486
24569
16052
31411
15500
24502
21162
20936
5170
14250
13743
29344
30490
26376
18304
2288
15424
24628
28867
19404
24921
20075
21261
29118
19370
17371
17936
21749
17520
10715
28622
15684
9697
8849
21851
18518
25204
14105
14225
2413
13039
7955
23246
26765
30833
5668
27275
13770
28264
451
29042
77
21818
3446
19513
14619
30990
19780
365
12488
4337
22020
29175
17309
6471
216
22011
15065
12629
10994
24417
14871
22079
9337
5933
12021
18126
6426
3181
21922
6621
31416
9060
12240
20026
19003
12613
29755
1383
29785
1164
13262
25461
18433
29669
26122
25844
16812
32026
28976
4266
29369
21369
17263
28053
7593
26819
24827
18013
10192
28020
6098
12866
11987
27905
1191
18484
21520
30832
27943
31622
6601
13639
23181
6792
28059
4296
1092
28138
8620
14079
11534
15535
4515
13047
17890
11043
29236
14664
10370
15367
16879
32687
14453
23035
28561
7280
25575
27587
32269
9657
1708
16639
10243
7475
18502
19829
13399
3471
25286
24558
17208
4017
740
30303
18088
8891
21147
13276
2921
20017
28206
32121
7900
22254
12389
4649
27699
22424
7522
15938
3849
15071
27731
17958
822
22951
30461
31815
31102
18665
23244
23936
7791
8951
2536
31872
13172
15715
7043
20340
17494
2401
14518
7615
8478
6335
25919
8631
27313
3103
7082
12698
20940
17000
10082
13836
31056
26484
3003
16329
31255
11077
2641
28976
12262
3161
3082
14752
20074
9031
848
22986
6237
28734
17870
13694
11807
22877
27761
12853
19164
24429
5140
30012
25623
14463
22005
12802
9861
20784
18501
17127
31109
1039
5842
12057
30497
13823
22301
13948
4160
19102
27985
11211
23124
26536
28208
25793
19561
23514
27412
20512
9752
7849
14001
25645
26776
2359
19655
18468
7865
2013
21105
967
8311
22398
32641
23029
29065
28234
18234
8099
3671
11725
12079
5700
22960
18003
13122
8687
29863
3958
14481
8830
14277
11961
24150
30459
13555
29255
21863
5692
27301
5849
8253
24986
3853
4858
2275
26528
13797
3240
16877
12957
11676
671
31140
4009
21695
28270
17776
19247
8258
26653
9766
5575
21064
31813
16532
21183
25280
22305
31280
1759
27318
13909
1361
28361
10929
12592
14515
20275
17981
11452
6923
17287
15587
30340
15440
27216
25196
632
28500
31079
5736
15732
16345
24347
31718
7615
27572
6485
8021
8704
17712
15074
3480
5915
1853
4063
7976
29145
15906
227
14335
30927
27208
24752
29005
26975
2773
2793
23498
2601
4304
2816
320
8672
5486
8537
27041
28906
18733
7114
6489
7886
1350
11735
19389
13262
11320
25126
6139
4443
23093
27831
19780
15079
6678
17664
5094
7340
3523
18730
7013
26870
18569
16671
28856
4067
11534
20517
15416
8168
14486
32292
31989
32536
27185
26128
5971
5448
22211
27562
12400
17571
1000
11060
27692
19660
6057
13321
17806
30522
24277
21041
15073
9186
19991
13100
1787
27900
8291
7849
12642
9623
11084
32723
19310
4465
27943
19528
9378
14641
32526
25486
19254
16366
360
31643
16533
755
2051
8916
30253
7738
4069
2812
20610
20220
9347
6899
19533
15420
2566
18867
31154
13207
24169
4927
25483
15367
30275
5470
8269
17781
8072
26709
31772
2367
13726
29679
11295
13781
24231
12814
2697
8493
7930
8790
32063
17595
753
6796
2346
19070
31047
3196
25556
11709
32594
6661
25956
6019
25000
32472
4815
20057
3784
9042
1186
16101
31138
13864
12532
16441
32584
7444
3382
9535
27379
13964
26379
7128
32451
17519
24106
11419
5111
4429
3039
32473
30447
9423
4735
13349
23133
23806
29284
32477
30500
14182
1335
3955
17612
1581
31696
23844
32731
17797
17160
30469
16837
5786
6063
9590
11631
10100
22537
17051
13110
10431
17436
31189
10387
18375
6500
5347
32570
31763
25033
18100
18631
28624
28271
9399
25017
11741
8182
2030
26753
1790
30547
2254
555
10078
14222
29101
16375
17796
6382
1163
13988
17087
15360
21202
6358
442
20089
25464
20171
21177
7647
8014
5272
19880
4996
13792
31780
30982
15160
26589
26607
29109
24916
29466
15150
6583
30603
3656
25641
11840
24012
5636
4303
26690
9848
7704
3752
13554
21286
9755
4516
6062
2025
18057
29076
16906
4141
9181
9351
32620
19446
15971
1325
24325
12194
22980
26367
17273
22547
26288
1209
6865
651
5625
6000
3780
1643
22506
11140
10817
13002
32592
14987
20327
14326
5565
17854
22785
15792
30
26973
20370
9807
12101
30575
22481
16843
7109
23342
15530
11235
2797
8758
22060
14792
19039
30651
19937
6430
17705
10943
14945
22877
27719
18457
12023
14835
27137
32216
21780
14167
30947
2766
7866
25633
22077
12406
12321
11449
7116
8213
27586
11205
28598
13061
27610
32267
29215
1138
31376
23293
15664
14265
15839
17286
25742
17676
31246
20402
5163
15718
24352
19096
1633
28050
21772
30952
10461
6826
31889
25923
19900
860
11918
28078
4058
8688
25154
30593
22328
17343
22863
30059
11264
2989
30943
13007
6751
10226
15899
21960
18642
3755
30991
9308
17411
24997
28895
28270
22102
22867
24876
4432
26846
1476
258
24043
2395
20751
32203
22740
22031
2023
12427
19548
22548
18392
7622
19210
17018
11095
16973
29575
4777
4174
7438
20935
11608
1380
15207
20513
6821
5487
8365
6294
18489
6865
16848
6797
558
21767
15336
1059
4509
23324
9024
17336
19917
10772
9043
23591
16220
17030
19201
30611
14006
12580
15498
24893
22003
11685
18162
19670
23727
32658
9469
15391
14067
31845
25196
25443
22758
25696
15716
16565
8377
29233
11553
25390
615
2527
30562
20348
4422
18825
26780
10507
15328
18591
10725
6320
31455
29768
10585
7253
19406
21086
29851
16605
9828
5299
2554
5896
29607
10381
19050
22256
24433
31553
13494
25623
10547
8993
4640
13454
17974
13613
10710
13622
24156
17251
17185
27374
25366
30652
15696
24076
5578
15490
18398
31340
22530
29774
1687
24995
20348
20129
14835
18672
24871
19348
15101
8663
11110
15968
1259
21042
17147
27115
18802
8662
1175
20063
28479
6730
17211
5961
4251
19161
28898
30396
24106
5593
12397
7970
31437
12141
17540
25365
9391
16275
31614
29873
28001
10213
10645
20289
21609
27764
30180
10559
23551
16221
14995
31594
23083
7337
10725
9921
24389
22996
17669
14997
11345
2885
31236
27097
4124
6694
21865
8793
14036
22712
27672
16033
27665
2933
2617
1540
31759
24849
18179
16736
15234
23879
32514
5164
14835
30286
10011
26376
19468
10208
32307
4104
1564
5209
10718
21733
6749
26040
20227
31023
32265
31049
13528
27563
28304
26340
10098
16836
30397
16089
29022
21524
13043
16031
9212
22888
23295
19877
1240
28044
24500
6235
16754
14472
20869
6411
9968
25949
27233
19859
12326
15581
8173
14009
16503
13246
9971
5762
8018
24616
3791
5540
26782
4347
32677
14484
8607
20568
3588
7498
4812
30855
22976
9317
905
14410
27924
26951
3012
831
30274
31841
23075
6828
5770
14992
8027
10144
21148
18380
5699
6914
6409
23393
30468
14237
18964
22955
13676
17239
20761
11000
27237
19189
24690
19165
30975
1598
16362
19678
31538
17599
19406
14740
16415
2194
4552
248
26753
28670
3402
18023
10472
13927
4190
28748
26682
3228
3024
9176
26960
23249
31914
31380
23696
24276
97
12494
15385
1564
3268
20613
1438
10497
2709
3935
25596
26693
2382
26332
22326
20405
24700
3253
5205
30845
18106
3629
24424
9112
8245
7102
14478
6236
30271
15211
2516
27911
8016
20119
17997
12005
2713
19766
19376
5480
21477
31414
1629
30526
11395
23016
1176
2639
13169
29657
93
32556
31477
21085
8217
13906
9076
2482
29995
4432
4893
1414
17403
11180
22475
13391
5134
1827
7199
20653
23700
5970
6987
15053
16051
22182
2181
21133
32091
28227
25527
15144
12315
12179
26361
20389
26263
27720
7034
28870
30696
24259
2125
2481
16641
15155
8111
826
18254
8797
16335
19812
815
14052
13341
25490
8952
922
4577
27220
2089
11923
27232
752
12106
10416
15138
13019
6126
19129
16076
26615
3469
20553
16759
23189
11169
13772
13147
8859
984
25793
19095
32735
12918
10931
18621
1635
13996
2104
27263
13796
11425
31687
24985
26345
11795
1941
2462
30594
9380
29161
31833
12890
3652
29840
7971
20093
8036
21333
17268
12783
3741
985
5184
25158
23048
9002
14830
29376
8712
25695
16757
1339
19530
2821
24336
17348
27463
7467
29341
23452
2760
15123
31934
24017
29121
9536
22602
15807
23641
21930
13514
26890
32457
30066
22714
27419
15897
4766
2254
27725
15051
9449
4432
17756
14961
7719
11974
7268
26611
23199
26098
15882
29366
15269
3599
30541
23191
7071
3077
4376
28583
15
6154
16477
10974
8837
12468
13475
5266
12338
20177
21207
31652
3139
9244
7246
3989
20570
6777
29292
5612
17109
32542
25210
223
4984
9595
10528
27169
15532
3444
5559
32705
27387
15951
31859
20776
24255
874
11026
23517
16645
31111
1682
7286
6690
18721
21340
6829
17615
22952
30271
6645
18500
24307
14287
26199
31810
6347
8578
13172
17964
232
30
4303
24494
28664
5901
10840
30187
3427
9682
4085
805
23152
30781
5093
10751
19315
130
12704
30284
14081
402
31718
15568
10572
31325
27818
24000
31597
21897
10728
34
30539
28853
14431
17542
19235
175
11579
2100
6309
20306
23970
6741
11269
17445
18258
25359
6063
182
16988
17932
21140
30006
19535
19489
1804
20982
3443
22050
24136
24910
17555
14672
7147
26112
32165
23736
20635
13232
15427
31907
18778
30808
20586
537
3107
22443
15074
10315
16607
4864
9296
19016
9627
21843
6540
9878
24042
14866
16025
3532
16274
14365
28236
30522
531
3846
20595
29021
17213
29909
1996
16084
26805
27940
7131
25709
4032
32157
2152
16759
13732
17234
30349
4122
28776
31609
19939
17186
10113
19147
29233
22385
14155
6137
9763
30124
29923
7033
18689
12710
14634
25120
24900
3031
24415
6911
23434
31174
5767
10898
11743
11444
32591
19307
14818
8543
12981
15953
7453
4535
31276
20469
32669
26362
20690
20486
18701
32007
18911
2344
3789
27648
27286
17406
5156
14634
4511
21522
3782
11615
12337
14227
31997
20197
22109
7779
13489
16605
5687
9990
10462
30443
14598
14633
2419
2971
20015
7484
27254
10684
17643
24576
20924
13552
12895
11443
31335
16460
15485
4682
24197
30540
19051
21557
4467
7539
607
10423
23915
8141
4783
27964
13747
14058
17387
2494
26998
25564
7906
21405
2227
22480
20812
6412
21896
31652
17730
24869
388
22977
21198
14913
11630
27760
13519
8863
22523
14142
1848
17176
7361
15272
3483
30549
7069
9454
18634
10100
3634
8184
11392
12696
19765
683
27031
22157
22796
17069
11590
32110
19108
31962
28915
18315
12460
17833
11437
19397
5567
32055
17392
13201
11331
8073
19002
2676
18109
17040
19709
28965
7734
32430
28508
27482
15454
13636
27079
12760
22117
32728
8931
15289
16915
26691
14697
4123
12694
15915
24851
7001
32299
7306
26667
22543
30935
8627
22923
31356
2794
3122
24933
10914
19937
5989
11992
2693
1444
23041
962
26327
4780
11381
5080
3431
146
24760
25313
22067
31893
17560
25296
12238
28695
29050
27225
20531
1984
7823
2637
23056
10952
4588
19426
29500
23296
32413
9170
27579
9323
14807
3618
9542
5394
28220
22138
1990
22543
17475
5751
2600
4950
26828
10840
5236
194
7268
14227
28024
811
3095
10899
22783
5347
23145
18024
9906
23212
6149
27508
27605
18482
13345
9731
3801
22944
1169
438
11276
30410
1824
26849
28983
19985
23192
6733
24297
18270
22060
19409
15095
13752
7766
24544
3113
30882
28158
7084
24703
15155
13467
11569
25057
28037
17837
21892
12483
17893
29645
17353
12446
7769
7345
23084
17859
2886
23047
1077
19051
18081
9914
22412
30665
24894
4256
18160
28084
32230
16132
19102
30824
24329
6067
9
23010
24820
9669
7281
6921
9991
10036
27508
6107
1865
13284
7125
4421
6157
28427
25518
7324
27170
1934
14992
15412
18437
15447
13292
15575
29156
7424
2718
7741
15302
30720
27424
13367
4574
4965
853
28020
21049
28798
20797
26338
25903
21277
10482
13332
10561
4178
6767
2440
7307
28057
26244
14115
12326
13706
14933
5621
2932
4179
21276
29249
25165
5993
2205
8889
29697
5032
18314
19322
21870
30498
21820
18361
27255
29802
11751
7618
27207
13443
20275
29877
18516
26750
10306
1230
7293
12809
19305
29745
24872
1061
13170
19787
13746
11301
12583
7491
14004
23185
7917
14482
31648
21518
11118
23817
706
27430
18694
11373
6356
22130
14328
18152
23629
15878
26262
4091
31910
31074
9767
24943
20974
32197
27635
18362
9170
18462
8730
23421
3343
8930
16503
12180
13845
18536
15911
32669
31004
23997
10735
11624
4460
2213
13197
29845
3369
18583
29890
24441
21732
23802
9808
18254
30896
18687
26833
24208
24046
16480
20877
8400
7657
24095
15268
27477
8616
22590
7754
28215
17058
6925
2523
1259
15761
10020
29934
29311
19479
8350
8187
10408
5782
32671
22877
31289
13164
4369
31032
23633
20890
21536
27859
24044
25738
29655
27230
5311
15363
13649
2197
26680
20088
27243
4846
26309
4732
30911
26399
29159
9327
24285
20646
20017
5729
32596
9363
13132
1544
7630
17346
1173
17778
12299
4948
5611
9511
27955
23285
30931
14240
2832
15971
29929
17258
28167
8998
13161
18840
5783
13692
30770
15874
14875
22251
13186
6606
1978
32495
30316
4198
32144
27078
4280
27902
31333
19264
2463
21945
11282
2850
28074
9743
29782
18046
17057
29948
19924
23819
1858
23588
4213
9059
10050
25587
8272
23217
27843
17761
1016
15409
26428
11480
1724
10907
11413
637
22840
25927
29657
1611
8899
22698
464
31824
5900
26210
19845
18984
28884
13269
20106
6794
30074
2149
24907
27443
28710
28385
19358
27946
28199
22560
7638
30585
28787
12487
18775
21992
853
27181
15320
30070
24455
31888
8470
22510
32530
15344
26073
24330
31590
31293
22137
23173
17909
31552
15825
20539
31548
16262
20762
15611
18208
17183
31290
23305
26032
31953
21161
19215
25141
8993
3311
13833
1769
3573
12716
21983
26459
30614
5582
6207
23524
12309
8111
18997
16465
3765
27859
3226
20639
14924
9501
18295
10088
6409
3436
1836
12038
24481
21590
11766
23966
22803
14128
22283
19388
14196
32458
7650
20114
12446
27967
3138
336
1518
31374
15432
13544
10208
119
10583
19042
22226
28187
9553
16376
19029
4187
23089
26851
13481
24605
1379
10519
11972
30043
10769
18629
12083
24729
5173
25955
4677
29838
26930
5507
30946
2926
24765
27973
863
2017
17176
10615
11407
23341
9624
18923
12161
28778
13353
20590
12381
24382
4668
25729
22890
21566
32094
26268
21874
15790
9561
25273
23460
19653
12255
25127
11812
3853
14195
22933
30079
28424
8794
7549
20223
26602
4
29746
16076
14778
14989
8169
13879
23662
18415
17337
21233
8301
13813
24983
18708
5751
20427
6654
22238
22628
10581
31532
5577
22472
24845
24510
14730
20324
18645
22356
25209
26510
1067
21601
31797
18224
1001
770
341
31555
6537
24956
20719
3924
14798
32664
3734
32329
1102
15067
15432
30776
25519
25071
19921
2706
15312
24196
15554
17650
28157
11428
20581
28864
19328
21680
27004
29293
231
19912
8143
7383
24302
31280
1230
7949
8983
31947
10416
8895
23043
15640
4880
19123
32369
22758
16291
8566
25108
20250
23731
20458
24076
22732
103
17521
8609
27563
30238
17366
11086
28078
13941
15371
1965
22799
26954
26845
29962
30416
21209
12594
6513
30105
8210
23836
2744
9072
3062
8111
13742
22966
22149
1382
31480
7152
3933
14037
955
15565
28508
8845
24103
12647
8355
28085
25023
12652
7926
25777
6909
3500
8982
21744
17994
11413
16601
28811
24701
20620
16689
31559
2782
19104
17224
13080
25592
13171
15763
24881
20300
2500
28723
1141
4262
11767
18037
10861
5605
16974
926
29123
1031
26656
30671
26979
23795
18
26939
7243
24578
6514
32272
6772
11530
11645
7626
31091
29699
31608
25698
19518
9913
28116
20836
7730
17502
28806
19653
16009
3935
3777
8565
1886
4865
25519
16096
21249
2745
19371
6348
30827
21682
7859
19375
6541
31673
20561
12955
31659
7907
12752
22857
11534
12062
16397
6509
4901
17058
24826
17709
14881
29328
1834
13514
20279
17565
3711
30417
7701
32728
30353
30364
8699
1023
31061
28889
6072
24445
28305
4019
4104
16342
18261
8093
21344
2644
14653
9587
27789
11333
21051
24843
24074
29703
21061
32497
29309
26093
4314
12616
7241
8959
24573
4044
7295
30236
4640
4521
14157
25527
14186
30242
28221
19532
19763
2101
10732
1783
25587
31939
26110
7921
31961
4725
6879
31348
19245
15355
17439
30761
26978
21813
17024
6296
30703
21050
30520
4505
9725
23494
4502
58
9231
25276
18104
297
26527
2751
32027
3199
20579
25705
31182
6528
15027
25331
23115
23727
25425
12492
21180
22082
26494
11140
15392
20764
20696
13698
17454
20489
12628
8151
15711
31986
13345
30040
31588
23677
29732
4832
19925
7857
12527
24343
301
31762
9956
14431
23078
14717
27321
12019
1223
8069
24764
17884
9301
28419
22956
14879
14599
17782
2196
6418
10083
15242
17406
30545
14631
12398
5812
17408
11719
28946
26302
3616
29484
27969
22668
4961
3577
13628
29264
11970
7791
24816
10106
23246
18911
7618
9948
29328
17894
7921
31143
24731
16113
5743
19906
13234
16312
22231
9744
26949
28507
2595
32376
27044
19593
2198
21595
5143
14937
12020
14040
2602
9927
9202
7199
4961
392
4773
4491
21187
26111
6750
29732
27253
6392
30676
29254
29515
1419
25049
6959
21948
26008
1853
3183
6778
21971
28038
7575
26581
10019
14818
18270
4002
29912
20728
27291
26844
26716
16662
9012
22769
5820
909
11314
8666
29615
2635
26752
978
20651
12889
6856
17622
9118
16390
10534
26732
21791
20661
17621
1156
1056
18583
31258
27708
26002
22914
71
5670
4679
10925
26029
318
1050
30193
30938
14021
2317
8347
13748
26241
10271
25938
10233
1470
29011
8205
14265
31863
27604
29400
4379
12862
32617
5212
9487
32748
10117
31505
26877
31080
18545
2211
22949
3019
25242
227
20413
32457
19955
6062
27522
1976
15434
20764
18179
22049
4254
1298
10128
22743
16023
23719
25579
14873
13978
23333
17
12481
1954
22807
21795
6023
9670
14067
11147
5799
30032
10962
25062
12508
22106
29591
10977
9889
8005
2004
6886
13996
2275
2405
18952
11047
17200
24201
22936
21003
27374
16054
26023
29926
1857
3532
10460
9205
12072
12889
21902
13018
6357
8220
3312
23799
32190
290
8847
12371
2488
312
23419
4359
8460
32059
30996
32003
12259
18741
12453
11345
4570
31389
15629
10963
9196
8101
9870
11541
18180
8528
13981
30616
20503
20692
23875
7063
22417
369
885
32307
15491
16055
20847
1689
12484
23556
16878
23915
29205
29845
25313
19355
8417
11391
20969
28805
8232
18803
18113
9941
17088
16146
18278
30121
28913
15680
24978
18161
5651
24503
27367
15860
14515
31941
17639
24712
20598
28158
25474
17244
27560
14411
19685
32099
13116
24982
26313
16455
1707
14601
6524
878
29172
2970
2650
9451
22182
24916
24420
12155
30141
8353
4932
1636
19134
901
19673
32701
2382
22404
24352
25494
15679
15273
32279
18943
14788
10477
17132
23496
24393
14316
15765
31143
30762
31652
31654
13053
13112
7106
3073
12654
18378
18841
3245
16402
16853
27099
11262
19677
1334
2481
10199
8345
30270
8388
11679
32134
4629
27217
31569
20087
19605
30301
13731
8
29102
10411
314
29504
16235
24062
31854
9408
8758
4299
11519
5453
8171
17768
16588
10319
16090
29280
4724
31395
17606
13421
10853
6096
13963
5707
25271
23939
15330
15199
22526
15574
9100
233
23237
20176
27330
23610
5493
19752
4028
3361
32729
25125
18867
23185
30074
23100
12707
11308
17800
32690
9660
7737
19213
15476
28223
22055
31134
30683
5443
5303
16060
30234
11148
30554
4534
13455
2943
15722
31642
16342
18973
13979
26182
9320
13985
12286
19575
2494
649
10594
11889
5314
15239
24065
4217
32014
8904
24131
15344
27531
9773
1766
14261
12348
410
13241
26940
3750
2330
805
19263
14015
1749
6244
1190
8424
27558
16913
19711
21526
2270
22544
32072
15419
10144
6502
30785
21393
1507
29297
15527
11340
31466
15663
13439
4326
13534
17024
20037
10234
5841
8222
8751
10825
32116
29202
16746
18733
13690
19660
22825
3233
11860
3425
22925
9546
6973
11620
2852
5277
16165
27957
16008
575
20443
14962
14743
21803
5524
18306
17642
509
32210
24938
22091
20909
1839
1605
5759
17418
16396
11071
28284
21755
30437
5860
28892
26578
15195
2274
8821
24972
6627
6278
31589
12828
2378
1247
21156
1930
7954
8435
25952
9213
28147
10547
23270
21992
3070
20112
32092
28427
13587
26236
14083
31987
16593
17385
3470
23159
27322
8198
5319
21256
31400
2416
26749
23088
30315
24202
31213
16577
22251
12630
12815
9456
5087
17235
3102
13036
16734
13574
21877
24272
23474
19303
4980
14026
12393
18111
21886
14810
17050
15469
1465
4904
25870
11710
18639
5098
20435
27869
4323
13655
24426
30093
8574
16908
8835
25126
21010
29170
4106
17934
21104
13714
25071
9634
69
5455
20979
12363
28275
22264
1120
31802
1760
32705
31087
31739
7450
12921
6355
27865
19422
18836
921
16851
348
21101
32611
16786
7638
10950
12968
24211
28139
25449
15479
28560
1455
8837
8955
2763
854
32277
21163
4545
30754
6765
9448
9073
5085
13003
20351
25153
8948
382
26437
28452
26904
13045
30402
24200
20977
6879
16050
27710
18246
13347
14524
596
10151
31828
5549
29596
19062
26863
24350
17749
9704
30848
20819
15405
31064
11153
7339
18330
16893
28892
14071
2875
10720
13889
27554
22718
170
19315
7780
7548
5024
1360
26354
17873
21990
2147
31986
5336
11234
16132
2589
6664
17495
13076
5451
30456
10120
15672
1000
15909
30863
11061
22523
2195
16037
5296
1992
8868
23561
379
16569
4471
3543
13885
18955
24747
23521
25625
15479
21849
12650
1430
4809
32175
24407
22269
25643
19806
30254
496
5002
15846
10754
13265
6235
28261
15380
23650
27572
12656
9684
11692
18795
2075
26251
6140
1979
26692
20689
21660
30886
2236
30365
4001
18183
19086
30939
15886
21717
10952
12713
5284
32168
15724
17823
24292
28085
16541
2223
24236
24886
8082
11538
16630
23679
13338
4625
23897
6260
1964
4286
18091
14036
6344
8027
13177
28133
24289
4453
28912
24527
16102
26773
3599
15113
2772
3493
2986
23327
25711
6186
11467
32433
31370
8255
17556
9770
25252
16582
30570
2789
32552
23806
23664
28519
22097
9980
21378
24289
32210
26369
13160
29449
26846
8340
23188
21835
10696
22851
54
13656
593
10617
28287
28807
10345
18372
7843
13889
22117
9224
26350
21135
20135
20926
23230
16544
26488
4616
16085
16709
5706
20098
15895
22545
388
11293
31935
17509
12957
21885
16026
28065
27498
352
4016
27505
26630
9668
27831
17827
30167
24548
14998
27012
5658
9635
15614
31398
14701
7290
30654
26022
29158
9348
16005
21525
15854
26596
17783
22131
1975
28619
5616
8368
21586
20400
28289
7792
27458
31703
30367
25458
21193
9112
21235
11381
7375
17020
17070
12815
3978
19105
29021
10310
24107
17469
23064
17628
15452
19955
13675
28229
12537
6820
19180
3620
28385
13692
14414
30154
28311
21374
22736
27308
24997
4675
23376
472
29102
17658
7575
12706
21132
14826
8074
304
5258
16247
19720
8675
15281
24113
4286
4029
24766
26757
24091
29250
10632
9659
28471
13696
24322
30773
20267
22369
21699
1943
9061
8248
1945
85
6911
28973
3083
17768
16532
23157
28024
19316
1524
189
14043
8954
3480
20787
7264
881
8469
4293
29060
17181
3930
29719
7723
21328
26729
13132
2488
19081
10695
9154
6629
14803
27579
28012
24748
11168
3911
32301
8170
8572
5564
17724
768
13042
3769
16619
18387
16714
1896
1007
30925
14865
23190
28367
32218
4223
20223
27879
294
13696
23862
27896
27859
2123
28614
31862
747
15295
11031
20038
32757
24626
24377
4536
308
8015
4897
5477
26299
713
23238
10338
12486
26145
14766
18572
9541
22662
1901
14630
12859
729
15101
8785
7451
9377
1203
8009
11877
31314
19888
12021
19185
24440
19527
12808
29105
16544
16500
17151
29470
31937
11940
18809
14123
1273
28533
30361
11141
22216
22739
19162
22478
8135
1889
6089
18038
25397
1692
8415
3561
23348
28728
373
4421
26275
3776
31362
31923
19957
12617
19878
15181
31292
30460
10894
30096
14062
25000
6108
11986
16900
19391
29673
21445
26863
27152
21110
854
21551
20132
14246
11794
28405
10927
25771
15490
18009
5819
29124
13234
31646
209
23849
19224
4930
11726
370
25472
23778
25909
18569
2455
18251
2911
25620
12263
18833
27486
11076
15735
4846
9922
12728
2019
30780
30265
4818
16637
18178
19879
13711
4734
6678
25020
18011
12202
2307
24012
3013
5289
10766
3395
29468
13003
18849
20887
23788
26402
4685
19368
6040
15693
22166
22139
2085
10765
25216
11298
642
19911
6341
16466
28872
32286
14112
4217
14543
593
23308
7057
13757
8584
23393
30500
9316
30475
18657
16731
30572
14794
17622
24064
28323
2640
12746
16212
25206
8123
31555
13481
22492
31924
17289
32731
6785
17417
16015
17207
28376
13502
6917
1475
14856
1093
31389
5304
24868
3410
27915
25956
17743
29642
28107
16735
20527
9710
30647
11627
26146
13075
20358
18066
17665
5876
600
5869
8386
20963
25225
6629
23945
24536
15841
28320
6200
10063
28604
25694
3614
29500
18939
4479
4027
12749
32652
4779
4759
5242
21283
31143
13395
2764
11838
12510
24655
6766
24068
28390
9054
28762
170
25780
3633
29489
3176
11232
25833
13588
20795
2774
30260
4648
23120
6625
16362
4415
16952
788
19563
10318
6990
1198
3829
17660
11646
17477
23282
2508
32030
6153
19397
26354
7735
25484
32494
3807
26974
3745
29134
26771
13187
25934
22618
19285
4929
983
20098
17326
24650
29931
22430
25259
4881
9960
2226
10231
6557
19184
10531
10883
1515
9392
4558
16492
17339
29064
5923
25671
4281
13223
7540
490
21603
15179
21934
698
31186
27418
32318
19930
18316
28901
31807
19656
12239
13557
8316
22727
24250
21734
21947
891
16316
4369
29686
13638
12929
20454
31895
31575
29284
25759
4611
16085
17030
15117
5392
24455
591
1822
30362
6552
14129
20189
26544
14237
31148
22505
2385
24636
9136
20215
2894
15414
21450
30949
25014
7103
5267
20100
2796
28431
5560
30586
1496
12949
9623
13087
10650
12562
19291
2341
1478
4542
17393
13398
20020
31369
27871
16653
5754
1177
4197
32219
14597
11199
24131
31840
30347
11454
22486
23916
25115
20872
21881
12693
30827
21533
20492
12857
4787
15015
29219
1546
22235
15888
23567
30201
10595
31499
4614
24344
9810
23120
23826
15306
29962
30576
28552
16985
6096
1675
19275
16589
21112
32725
11243
32154
7267
23721
148
27262
30940
9377
16711
21151
13686
6622
4294
20180
8433
12947
6217
8857
32221
27248
19409
8732
29416
366
15790
21864
14240
9797
17819
9877
26388
354
29565
30865
27275
18996
32670
31180
1368
13113
6663
20989
24434
14856
4160
23478
12112
30534
11423
25207
1092
5971
25585
19343
24898
24334
19994
5091
1239
14585
29703
5749
5571
28083
8453
3903
9325
3960
3929
13251
14377
29476
26537
30299
9225
504
4253
2862
20916
28167
10175
32088
16756
4118
7810
162
23931
8289
19955
8162
6926
17520
20876
25050
28440
17163
3355
28205
1109
17392
23475
4546
6163
981
30004
11696
5943
1498
3515
3468
14351
14967
32288
18852
3607
147
22098
10132
9142
60
546
20283
12961
22327
5867
5108
20070
5741
25621
29089
27982
21465
27229
8935
25240
18302
23919
20916
16822
14999
14650
17631
29972
12026
12282
1410
17305
16741
14320
13412
16087
5168
14156
7046
20651
14487
10914
25010
2495
17307
5643
5538
6947
12331
2756
31762
15356
4882
31458
6108
20738
9692
27256
13556
11831
31924
14658
18137
27684
2024
12716
6353
14464
31889
12761
4633
30472
6300
4336
6595
8696
7449
18131
26104
21087
32420
17944
10209
24386
24133
22483
352
18262
3604
3734
29532
19371
25479
432
27471
29347
5685
25492
13403
18707
5234
7664
17420
21585
16400
23508
5270
29347
7209
15877
28200
4172
18876
20296
5812
20013
29577
7753
19255
11180
10856
6256
5989
10337
25110
19643
2124
21185
27432
3959
17471
1973
8614
32631
13878
29667
16512
6925
9306
25106
4303
22263
10619
15094
12465
29443
3754
319
8210
2060
24088
14783
21189
28840
16910
10783
26052
10650
23286
18666
29276
2277
6729
21374
8726
1216
20780
28119
19482
9269
1277
4442
28865
20942
29432
20776
6012
1975
6076
7073
20129
25554
4619
15994
26011
12245
5720
26917
25412
31413
584
14390
13356
9516
25968
10966
2356
26899
5898
20807
7739
19003
19504
3148
27817
24121
30052
6765
22232
23957
32569
1959
8572
6993
27083
31892
27396
7016
28888
6304
28784
31690
19654
31921
11100
1460
15503
16582
24567
29874
12565
13982
15981
14941
31101
22880
22006
21922
22288
6984
27713
11914
19906
8401
20100
30498
15097
9310
24188
31727
24346
12100
17064
25493
18192
31951
17475
14541
4551
10636
26952
30832
13575
6741
3365
3953
17853
19006
6077
25168
28699
32490
10737
3654
7569
32135
8988
15067
11661
29777
9935
17704
2645
7327
22449
23274
4240
29879
19476
27248
1834
9725
8159
28620
32228
9242
20932
25568
27299
21558
20830
1213
10074
23121
23096
26341
4439
6203
32516
19000
10574
27545
24934
27315
9433
31650
28774
8712
31089
30799
6882
23091
31068
14547
13803
8532
924
28461
29847
14247
24954
29055
25892
9462
18264
30532
11989
10639
23062
27019
4490
3043
16937
32185
23433
1748
26297
13820
10688
6032
25407
12959
3411
410
3490
14509
