29004
28751
9579
14247
21104
13352
12027
12734
12248
20184
9258
22398
31343
9855
11261
2234
29953
30832
13865
22059
20870
31372
14141
2095
22318
13917
31631
21827
23856
31218
15592
1090
9811
31357
26351
30299
26937
1197
13910
21715
4462
22220
7878
24192
1332
152
9099
4353
31756
25827
3839
10686
12805
14570
13496
15011
964
7541
10865
20123
16215
11698
9145
22990
13753
8146
23645
29083
22820
21345
15766
2132
29722
26982
10739
10428
17714
16958
7172
27969
2979
32057
972
12026
20625
22001
3812
10335
31003
31598
18287
1994
27937
15611
13761
11697
24278
10438
28878
4768
32521
30779
18772
4345
10802
26141
31688
3692
23103
19049
5378
16692
26908
6122
30119
3351
28677
6043
8282
13339
20363
32193
16034
22280
11367
13509
2201
418
27906
31186
31578
16035
960
10035
2600
28538
4624
18538
13919
25542
12340
21519
14875
27793
26065
10095
12714
26444
7990
8160
28594
31886
11116
28133
26658
3725
3842
32263
24025
4952
14229
4974
16153
22234
23585
28738
23722
24719
5643
10180
26574
30979
32490
30250
25320
2831
24345
14911
28907
23763
14589
27831
12163
23666
15639
12627
2054
31888
29385
23993
8985
23693
8680
4625
27426
14462
18693
16223
18801
23792
11387
14243
2605
6747
19000
9138
4864
29800
15948
31442
22658
2275
25651
22553
15975
27262
16610
18818
20071
27467
404
29908
29168
4855
6993
11827
6798
15559
22339
23683
1302
6484
22456
18304
918
4103
25078
11166
31228
15442
30914
12193
31113
691
5039
6140
9971
31082
32551
21483
22365
8437
12603
16463
4087
10320
7978
15437
21621
14574
24499
27557
28721
1653
9755
17106
9759
7741
25085
14567
29556
12935
4052
15140
20758
23933
1609
15963
8130
6125
19517
2565
11007
24517
17302
6435
28358
19022
13514
11478
3054
32297
1837
27837
5977
20746
12794
12562
12257
1334
12835
21124
1792
25277
4313
7122
18497
10359
18137
14636
2922
4289
2173
16713
15718
26101
18046
13383
11252
25258
28554
3143
8210
22961
16009
15300
13095
25034
8623
13752
19187
298
1602
23405
26679
5293
5416
27683
13348
28379
11320
21095
30852
27292
8253
27438
28330
28091
5066
8884
4379
5917
28352
791
23545
5309
17056
4274
10291
23919
10129
4154
3438
19024
24113
4763
30386
19471
16924
25232
21973
14303
22845
12292
8616
26680
3031
5420
2787
11601
20817
20833
5072
18781
24006
21950
30394
29831
7241
32638
1812
9391
504
7186
31082
5346
1480
4869
15881
18588
18698
20880
23148
1725
15551
21501
28013
2123
20385
26812
18984
22253
28910
2374
21934
5923
29683
25781
4974
14918
8284
30752
3172
21571
31549
20664
31999
4375
5343
21412
30163
1546
26443
10140
23299
23211
4504
7239
28268
1422
31733
11093
20626
6344
12406
28508
9291
23079
29855
11380
16685
9010
28593
18065
8376
17636
27062
16803
29252
27431
28494
10095
425
15378
26168
28459
23728
12002
24224
17116
25404
22202
11563
15984
11832
7450
6594
1179
31040
10273
12066
17777
31503
26754
30496
4808
22699
2888
12221
7755
8018
19273
17646
15710
28962
24172
6952
20150
20620
31386
