12166
11692
9453
18849
26319
24652
5061
25056
8158
24507
18770
3915
27919
7553
123
10565
4464
3114
3940
14154
14399
1817
16710
15254
10280
27411
29196
31895
28219
11143
18350
30995
15535
28831
9550
29465
31065
2567
13332
15785
14314
17024
7626
14627
7147
24611
21815
10864
24186
23926
2107
22770
29634
10032
6063
7980
3131
27340
12537
23089
28071
16848
25970
25550
24520
17882
23417
887
10465
22895
30036
498
22003
12675
2506
19397
19125
27592
2689
20064
21840
15799
13336
31755
16863
2143
9219
8846
10665
23792
28714
162
31259
15878
7233
17946
28552
10679
2277
27345
32673
14427
14460
2130
28595
23582
1481
8778
4771
3399
10321
2478
27305
28485
8818
18092
10959
14974
30012
13651
21544
30423
13846
16641
27345
21251
25106
27280
32425
9357
2827
1343
976
23715
14980
22114
14048
32168
9792
970
2286
23928
4769
31986
20287
16505
32449
19182
13002
6501
30290
29460
7026
31194
9526
22631
4864
32670
2269
18375
23522
19124
23394
6875
14245
18464
5221
7610
6452
23929
7078
9052
16078
16691
2406
29891
28616
2985
4222
1769
23048
19693
28220
9064
19261
13136
31745
28652
16863
3760
16027
89
4586
15492
3939
24507
6490
18600
15126
15345
16485
20201
12916
8217
16763
26960
10394
27066
29950
14127
15136
25780
7361
18669
32754
14824
27458
31889
5359
7335
17064
5903
3395
25307
26491
9813
22661
29688
8997
30741
32655
15008
4652
12625
21281
1305
6701
21160
26677
111
17303
13666
32288
14952
29485
19772
10861
22060
16185
15093
26233
24497
23697
31637
23246
27112
24395
16512
1088
25513
19264
15422
3785
20319
12353
28679
549
18803
19995
17937
7213
2425
31821
1178
29941
18973
20868
26036
18596
17356
18139
24532
790
9762
21203
27417
26931
15382
14356
20316
31757
9959
993
18171
29116
23493
30812
613
24569
20544
24191
22629
29821
370
31702
12080
22295
16875
10238
27181
4496
31327
15838
26758
6463
18705
25767
24691
22122
11262
27788
9025
17763
8650
15169
5668
3423
28012
1077
27586
10517
26776
18576
27259
32027
4335
23275
19322
30719
15337
25298
32381
6184
7550
7163
24164
29547
3479
19779
8827
7276
14392
13164
6279
443
9322
23448
29586
8874
15849
10628
15222
13808
19858
1414
10540
7679
3211
28229
31698
18213
15920
27194
4734
19300
31937
5354
22213
30738
9420
17376
17417
4401
2907
32620
6022
28300
27358
19230
29980
20118
13015
31233
3290
31490
9800
2712
3406
6945
29916
18074
28303
20480
15063
8812
25095
30269
5055
6242
29441
10669
11208
31670
9206
26288
31744
32580
5271
25935
7487
27659
31897
2586
24012
17252
1860
2244
1487
18688
23483
5242
30331
12451
24073
14856
4088
27554
29935
16299
2577
21021
24688
9908
11170
9213
27929
10977
3263
7596
4113
23419
20388
7319
14308
10799
31841
3941
24078
2989
27458
11764
9546
1538
27135
13592
4248
18614
1961
8722
7953
10917
13135
10706
22634
10654
6515
26605
5706
18365
27695
348
5707
25224
551
14074
8402
24524
30766
9148
20623
19509
16823
8878
18131
18352
21506
6321
22677
23425
22530
