24542
2108
13482
29860
14140
32459
24771
21731
30767
7688
25568
29544
32421
299
2835
23212
1257
13164
8948
10685
3246
4636
17812
10678
19679
13442
6952
16127
12324
30070
31090
12874
12340
31423
3566
3400
6621
22061
32450
1839
1493
7287
11875
15597
4670
3538
3590
12585
10491
11349
10957
20478
24245
23568
25006
29302
13995
26854
26147
7624
22334
3630
1940
31314
31544
23565
24964
15957
11232
5777
25213
2162
4030
27278
21948
26088
23086
5177
23453
139
10151
21382
31941
12419
21193
19009
17425
28106
3624
8174
2882
23907
20186
1890
26213
30299
21442
542
23043
31361
