7703
17817
13357
1694
19355
10991
17805
1285
26677
12011
2312
11061
28996
30764
24465
31544
8535
18213
31791
2780
29544
7849
20382
23837
7641
26936
4517
26195
16687
9996
1080
10012
18064
28897
19534
2567
10749
23432
31872
28677
11344
2090
11623
6032
10485
27997
16306
19096
2920
9448
9225
32562
8306
19030
17573
22272
16163
13885
27820
10590
1422
8779
18765
1105
9543
534
24736
20528
31645
7328
6715
528
29080
12971
13716
2289
24497
15810
18969
25002
29012
5124
11537
32148
17430
31919
22832
26617
16054
368
13309
22075
23509
2157
19684
3780
25717
782
29210
21169
